latitude: 32.87336
longitude: 117.22743
elevation: 430